18 2 15 8 1 0 4 18 15 11 10 0 8 15 6 13 17 17 3 6 
18 17 8 19 2 13 10 2 11 13 8 14 3 6 9 3 1 18 6 11 
15 6 16 18 16 0 11 7 19 13 9 11 18 3 2 16 16 6 3 19 
8 9 6 12 15 7 4 19 6 16 0 6 5 0 10 17 19 19 9 11 
12 16 12 9 4 15 1 5 13 19 12 3 14 7 2 19 14 14 12 2 
16 13 15 9 13 2 6 8 14 15 5 0 0 17 3 8 18 11 6 8 
16 14 10 16 8 13 13 19 15 8 19 15 15 15 4 12 15 9 14 10 
11 5 19 12 19 8 10 12 15 5 9 17 0 19 14 1 5 0 19 18 
3 11 11 15 18 1 6 4 8 19 0 13 16 15 2 15 7 3 11 11 
4 7 19 10 4 1 3 3 1 15 14 2 0 17 4 19 2 5 19 8 
14 15 0 4 6 14 15 14 14 17 8 15 18 2 9 11 9 11 1 2 
16 8 8 8 15 13 14 11 1 2 7 19 7 17 1 5 10 11 1 1 
6 13 10 2 5 3 12 17 4 14 15 2 4 2 11 16 0 5 16 4 
5 9 4 16 18 12 7 7 18 4 13 5 10 7 17 18 0 18 12 6 
10 12 16 14 0 12 16 17 4 7 17 11 8 5 4 5 4 12 2 1 
0 1 15 1 3 17 3 11 19 1 1 17 7 13 7 18 9 2 15 2 
18 1 5 14 3 3 5 1 0 13 9 8 14 7 6 17 6 8 18 0 
8 16 10 16 2 18 19 1 11 11 3 7 0 11 10 13 1 11 4 0 
0 10 2 15 0 14 8 2 18 19 8 7 4 4 13 17 5 7 12 19 
13 18 16 15 8 8 4 9 1 6 14 3 5 18 3 0 16 5 3 4 
